60901.41870754281 0.38539220437814947 1.0942257939302964 0.010079191584997997 y
60905.41651849883 0.7690967389498837 0.9696235790528129 0.01126764799337908 i
60906.29959319335 0.17919041114510037 1.0544476120577733 0.010418272625614688 r
60906.32436187617 0.21874104387825355 1.1197747429779987 0.009899648710198663 i
60915.39735290785 0.7064931232744129 0.9748274089239112 0.011219847809950983 i
60915.40330913383 0.7160040249145823 0.9432889303578469 0.011501659716989165 i
60915.41291635834 0.7313448410131969 0.9709404470547262 0.011324719159460265 z
60917.421511804954 0.9386700501636369 0.9150454254379097 0.011949382438016446 y
60919.3840132422 0.0723923451587325 0.8851854130680774 0.01227608324046802 y
60919.39413792467 0.08855943812523037 0.8771889817416542 0.012361695193999135 y
60919.39962529797 0.0973216758138733 0.9038230352831005 0.012309837764358076 y
60919.41016965103 0.11415889878117014 0.9225268585601067 0.013396140262606111 y
60921.391025649245 0.277189756729058 1.1724193171465003 0.009482874610641834 r
60921.40195014104 0.29463398522057105 1.143588183039405 0.009675074857044368 i
60922.40084005607 0.8896614015538944 0.9459487202273821 0.011458260467208676 r
60922.41115080824 0.9061256106215296 0.9377169681062834 0.01159697521320146 i
60924.235415578674 0.8191115960362367 0.946540189883615 0.011494384169065588 r
60924.26067482084 0.8594455539423507 0.9371474710713568 0.011608314081088584 i
60925.40297633549 0.6834726125234738 0.9977733020283291 0.011245106999741298 z
60932.389054521176 0.8388422594289295 0.9461577708200144 0.011597192140152575 z
60934.19439801019 0.7216147426952375 0.9734039460295203 0.011227334203153782 u
60934.218180611744 0.7595908008515835 0.9600469999533882 0.01135298076387473 g
60936.34636181727 0.15787054982502013 1.077324171288932 0.018499378841127963 u
60936.3697572496 0.19522837617842015 1.1288609577695963 0.010792222562293126 r
60937.227224014976 0.5644313071243232 1.0439017490542148 0.010574004239036493 r
60937.25225029731 0.6043932747561485 0.9821996272092249 0.011122544969410132 i
60949.14921869715 0.6014724156266311 1.0435951306531666 0.01430995942866321 y
60949.17172076839 0.6374037229834357 0.9804390309687303 0.011032722728560219 y
60950.33070812744 0.4880747379065724 1.0707319606917318 0.010301246007183172 z
60950.35482235625 0.5265803384681931 1.0215060358599097 0.010667496104117146 y
60952.17886141854 0.4392059131496353 1.091555878163325 0.010992633772507377 i
60957.29008234848 0.6008034940750804 1.039397692811472 0.010581444161113689 r
60957.31731286469 0.6442851823521778 0.9970580817020558 0.010924501306728963 i
60958.302091611586 0.21677988539158832 1.1116044821088469 0.010362633552512462 y
60958.32543152196 0.2540490542742191 1.159567558828605 0.009568896805317296 y
60959.10096918267 0.4924275908997515 1.0224182933702164 0.00943798363259622 r
60959.12480815529 0.5304936623870162 1.0195384133052836 0.01060632227161967 g
60964.10318551417 0.47996662903460674 1.0785086311766003 0.01193548892748752 u
60964.12538484846 0.5154145260457881 1.011497828587734 0.010730018167634588 g
60964.28276427478 0.7667179939890048 0.971921611073736 0.011265476510080098 u
60964.30546555034 0.8029673907876713 0.9374493560594421 0.01578175606918873 g
60973.25953503941 0.10082555095141288 0.9749888677588726 0.011116966379054417 r
60975.24824514639 0.2763978497678181 1.1306367637124917 0.009765617025741396 z
60975.27313654557 0.31614443598664366 1.155139629605357 0.00962376822281306 i
60978.082163957515 0.801599407379399 0.934697227555121 0.011557236888129619 i
60978.10665368222 0.8407045997737441 0.9443055791829639 0.01157361797530593 z
61000.160623779855 0.056484051689039916 0.8793137039542658 0.012242838632162769 r
61000.18505237133 0.09549162654730026 0.8623791275779605 0.012875149308461467 i
61002.01854820119 0.02321776766621042 0.8810249141639906 0.01224579265851335 i
61002.03120064182 0.04342118486238178 0.8729306453400639 0.012366254934182813 z
61003.177415513994 0.873697092756629 0.9545025821774522 0.011844227116710297 i
61003.201616689825 0.9123415303329239 0.9183261662454771 0.011773821088280435 z
61007.13966737625 0.20062086640973575 1.091275575625113 0.01017716027047719 y
61007.162637674344 0.2372998384089442 1.1728252050112558 0.009459557435889427 y
61012.16151219947 0.21950268012005836 1.1312345403539639 0.009803522790593149 i
61012.18593474685 0.25850060378434137 1.166611551952832 0.009513651961873143 z
61013.13779629419 0.7784331225848291 0.949304632627835 0.011446385221441724 y
61013.16060912382 0.8148606489266967 0.9653566325056806 0.011206414647065704 y
61020.09969274439 0.8951893742632819 0.9268179218598245 0.011736684494753454 r
61021.103518480406 0.4980983095301781 1.0440211619252502 0.010518698400499528 r
61021.125812432285 0.5336972918885294 1.0225200512729415 0.010688627349708806 i
61026.1103259371 0.49296845638309605 1.0687033241936617 0.011006789039839477 r
61026.134289472204 0.5312334292248124 1.0310750330114409 0.010637220246768643 i
61029.10491175815 0.27472309542645235 1.1727686566281361 0.00972363248431538 g
61029.129146334075 0.3134208662668243 1.1674873279778488 0.009565208619193107 r
61030.112237015004 0.8832200655742781 0.9204157943388512 0.011860765499710019 i
61030.13685572718 0.9225312251655851 0.9218831164780718 0.011789195582065511 z
61039.07729561262 0.1986256342352135 1.1107608363791386 0.009990963268064784 y
61039.09988133359 0.23469051349093206 1.1245519436160887 0.01026799579748038 y
61045.07095631436 0.7693030427908525 0.9675083706620144 0.01125778078529087 z
61045.09490506528 0.8075444082496688 0.9501793297361442 0.011424101467206117 y
61053.03795448087 0.4910057150700595 1.05253980311946 0.0104092121805797 i
61053.05106924471 0.511947369974223 1.0676249253924974 0.01034789995253927 z
61221.38793313584 0.3122516313305823 1.1778010526437945 0.00946531661255605 y
61221.41057176227 0.34840099001303315 1.1317111157548805 0.013613813013297314 y
61233.415355494355 0.5176396534079686 1.0273488286099326 0.010612193657808841 i
61233.42700697796 0.5362447424267884 1.0489862340749116 0.01050176486260537 z
61243.36735317526 0.40898955026932526 1.069778057061757 0.010282064925432596 g
61267.30545605025 0.6333522210479714 0.982848653068396 0.011059548687647433 r
61270.28297355427 0.387852171465056 1.1415117461274698 0.009718088733432991 g
61270.41780169043 0.6031457392964512 1.0214013124826262 0.010742959011675433 i
61275.29595847572 0.3925864940392785 1.1035426162168613 0.009967136340802972 z
61275.32030495182 0.43146294707548805 1.0947794336052226 0.010088909333181666 i
61276.28362052871 0.9696852602646686 0.9669093016247409 0.013440907434649827 r
61276.3081811281 0.008903625363018364 0.8835028462358298 0.012284526554540438 i
61277.42519778104 0.7925558167771669 0.9494632508267149 0.011795196295008187 r
61280.239061722204 0.28573375803534873 1.1427213414694344 0.009787943785028423 y
61280.261576478515 0.32168532090145163 1.1484414957832287 0.009702935567678907 y
61281.42205912764 0.17474401503568515 1.1246540676612569 0.005135531881398101 z
61286.381180962344 0.09346976068627555 0.8862163945795074 0.013957294015661164 i
61286.39268933994 0.11184633802622557 0.956058979979359 0.011402958484983529 z
61291.24963201792 0.8674124062235933 0.9414801105800564 0.011509182253947686 g
61291.27406968325 0.9064344702201197 0.9205430073392763 0.01174592804668732 r
61299.22183773381 0.5974304933624808 1.0002239604286152 0.010947161411732464 r
61299.24577697272 0.6356566700560506 0.9777114609822071 0.011189172788144113 i
61300.225820536965 0.200590233434923 1.086472861114148 0.010215600946521623 r
61300.250246103664 0.23959297835244797 1.190288009913813 0.01024285462988149 i
61313.3391924909 0.14002256948151626 1.034780748847231 0.011570542901083865 z
61316.18000113897 0.6762258187227417 0.9746366803261859 0.011183251318694675 y
61316.20283396575 0.7126852765213698 0.9775786762186947 0.01115452383998713 y
61328.26756161338 0.977642384255887 0.9223682151096915 0.011802851638016434 u
61328.283415085425 0.0029572084167739376 0.9266174729820325 0.014023933993223504 r
61332.12465933144 0.13665602046239655 1.0241253436337678 0.010746898897990274 r
61332.14869155574 0.1750306762260152 1.0924374056917294 0.01049611795166612 g
61333.11836257921 0.7234013665001839 0.9920003953689628 0.014649076679743708 r
61333.14244191813 0.7618512548797298 0.9637269426832547 0.01133692313203716 i
61334.13182708187 0.34170148434350267 1.169204493639625 0.009618827141518488 y
61334.15696532343 0.3818422284675762 1.1447895426152324 0.01092643819658527 y
61337.254991869115 0.32877101661870256 1.1181361735781257 0.009807470207495284 y
61337.255454655955 0.32950999464083 1.166025980247798 0.009557899899428601 y
61337.27787292136 0.3653074808389647 1.0930238572651656 0.010050402159092933 y
61337.2783357082 0.366046458875644 1.1301912664805198 0.009830776161074441 y
61340.03980534098 0.7755611684988253 0.9489704372920893 0.011385684769723277 i
61346.24552442528 0.684853402301087 0.973326780261262 0.011174522823847363 i
61346.269694973664 0.7234489339607535 1.0056001756193056 0.01578862110397362 z
61356.20997578924 0.5960893402807415 0.9940931687983748 0.010996228670659759 g
61356.23419699692 0.6347657646983862 1.065707559819142 0.031649887375509896 r
61369.192404017944 0.3264307358622318 1.1707913745285075 0.009508611692960512 r
61369.21655186074 0.3649900112504838 1.122614076225971 0.009855781646609213 i
61373.18455281169 0.7010939297178993 0.9756594052944434 0.011150706369275277 z
61373.2085958501 0.739485853453516 0.9492176492758699 0.011473244879255452 y
61375.19779846034 0.9158445814973675 0.9471728387632744 0.012730134605422622 g
61379.205248761464 0.3149412223137915 1.1079093708775276 0.009965279278302435 u
61379.205660896514 0.3155993195687188 1.1244366498342975 0.011349394215760701 u
61379.227794091195 0.35094160483276937 1.098213618626079 0.010091005267714125 r
61379.22824122332 0.3516555854148464 1.1534422421145323 0.009644433968027463 r
61386.131507554346 0.37479126278776675 1.1416988365671077 0.009790840722861084 r
61389.1091178838 0.12943943687423598 0.997016811224062 0.010998554149681067 i
61389.133289838595 0.16803721428732388 1.0456484364130159 0.0105181375032301 z
61397.10572177337 0.8984165277361171 0.9221374122350326 0.011869584996076307 y
61397.10617145656 0.899134581850376 0.9249908381808991 0.011770563336079167 y
61397.12903917751 0.9356497586704791 0.9212016339510228 0.011763059546306446 y
61397.12948675646 0.9363644527329598 0.9714777046868892 0.013605843741352553 y
61406.0820091677 0.2317522390076192 1.1374220188206754 0.009775637305804885 z
61406.08246358088 0.2324778459733352 1.1994491396992681 0.009388137983770445 z
61407.06578062789 0.8026385066332296 0.9451838698589113 0.011486198317849307 u
61407.088313727414 0.8386193599435501 0.9428467743683775 0.0119736282511638 r
61412.05609911949 0.7711790740140714 0.9516329494457566 0.011451881116306325 i
61419.070564606605 0.9718775638466468 0.8892000710722623 0.012369438363147616 z
61419.095091752075 0.011042509722756222 0.8888860628205171 0.012186684872616673 i
61423.04004694244 0.31034695770358667 1.1544494588181904 0.00961224220578408 y
61423.05146060518 0.3285722943692235 1.1388175076214055 0.009710517075871878 y
61427.07020982795 0.7457110532850493 0.968645816683547 0.019493784597203793 y
61427.092623346965 0.7815009604528314 0.9478670043701176 0.011617965451100973 y
61475.9997063852 0.8763311559014255 0.9224891347554912 0.011776675136150194 i
61476.00281667993 0.8812976745248307 0.9383869113043887 0.011801392443904999 i
61476.005926618054 0.886263623717241 0.9417849110351991 0.011493268507825016 i
61476.00903620705 0.8912290154257789 0.9457858328422301 0.011496531078865009 i
61604.35118265883 0.8279684696317418 0.9449669200066091 0.011414522930504859 z
61604.375414851056 0.8666624341858551 0.9473130565061751 0.011481109644366905 y
61631.27820546376 0.8250384845450753 0.9500095395168792 0.011401948270964739 r
61631.30221409445 0.863375466040452 0.9302088777815335 0.01163326859729343 i
61635.29309534464 0.23601464633247815 1.1778043580200641 0.009417365532773178 y
61635.31778220051 0.2754346177825937 1.1118607464302364 0.009826405544106428 z
61635.42101424751 0.4402755504415836 1.0925914611669454 0.01012086765987195 y
61638.421567311656 0.23155868327012286 1.144070403123435 0.009732167274603019 z
61641.413876692015 0.00967830182344187 0.835449958275621 0.006462545317734514 z
61641.425710404656 0.02857437416969333 0.8796634862408657 0.012245638376667254 y
61642.424187113385 0.6229419826704543 1.0190418940560357 0.010784734847377886 r
61643.413052088436 0.20196157482860144 1.0747965978609533 0.004938867613679608 i
61643.41351540746 0.20270140265347436 1.1285454312514807 0.01154358696318456 i
61643.42487013118 0.22083262549131177 1.1570575486435466 0.009626195384306854 z
61643.42533345021 0.22157245330163278 1.0724630608861772 0.010080287203263196 z
61644.40026379177 0.7783412227145163 0.9505066535602618 0.0114458487467151 i
61645.26977531567 0.16677722407621332 1.1371789652801678 0.007121211314850086 g
61645.29044032092 0.19977510445460211 1.0875090890341625 0.006691947540199447 r
61646.279404785746 0.7789535618940135 0.994416732078133 0.031062871505500855 r
61647.258447692046 0.34228927467484027 1.1065169836855209 0.01000057819758399 z
61647.28318151789 0.38178424777288456 1.1298333689086943 0.011526298183239626 i
61648.397938325885 0.16182791878236458 1.0895775618603694 0.010854510947395202 r
61649.26006000287 0.5384638125979109 1.0364379003553568 0.010588097530941332 g
61649.28500654439 0.578298450098373 1.0179506914034708 0.01078522376755966 r
61651.39804224413 0.952393855448463 0.9314016990533885 0.011685047271339793 r
61651.408905017925 0.969739532636595 0.9586892443185784 0.01322200713729654 i
61654.37841065073 0.711446127097588 0.9743420017518273 0.011210754492547919 z
61654.39901075574 0.7443403747747652 0.9465656670458017 0.011416965680029471 r
61654.4099108147 0.7617455889267148 0.9514387833884765 0.011424788839027531 i
61655.241007296594 0.08884045122249518 0.8932937819970107 0.012114068707656571 g
61655.26491764529 0.12702049601648469 0.9585838402442597 0.011436500844693807 r
61657.229756218185 0.2644747292069951 1.0981200344016344 0.006363048564672709 z
61657.25401713508 0.30321456131059676 1.161535625483055 0.009577464638560485 i
61662.37985938423 0.4881594647595193 1.067903432653469 0.01031611838198215 z
61662.39351292504 0.5099614387145266 1.075641360786874 0.010288194575617013 y
61665.23946837012 0.054383093418437056 0.8758897915163292 0.012272809261659134 i
61667.17880403541 0.15111428375530522 1.0877623153805303 0.008131571014658286 z
61667.204524312416 0.19218442207784392 1.1265756923985164 0.009857206090398299 i
61667.37775810042 0.46880413476901595 1.0596592835366396 0.010359352193490849 y
61667.38769249063 0.48466736904811114 1.077493177387667 0.010248525980838382 y
61668.36043727658 0.0379462432465516 0.8709410915355571 0.01643512179277217 y
61670.315066414165 0.1590980501496233 1.032379126136632 0.010661197162061391 z
61670.33896303285 0.1972561708680587 1.1127620120284367 0.006669236981618923 y
61672.35459713213 0.41582070059666876 1.063659282041426 0.010349656251896813 i
61673.32206726572 0.9606770099198911 0.9096508100484941 0.012304799176929514 u
61673.34423545271 0.9960751709004398 0.8993470795724259 0.011997406345143131 r
61675.313976261416 0.14135729424015153 1.0395966189190378 0.010559062221845814 g
61675.33788951876 0.1795419835834764 1.1087763888750155 0.00997303500089316 r
61676.154712469644 0.4838448715454433 1.0647451923135998 0.010561658372465154 i
61676.178665867956 0.522093657971709 1.056183149414799 0.01043144754760338 z
61676.338830118235 0.7778439328103559 0.9367520745194218 0.011649466373909598 r
61676.36290877377 0.8162927299708826 0.9498107936286398 0.011493162530902703 g
61680.36366177952 0.20469512954878155 1.1283947256345948 0.009799943367267134 z
61688.301393949136 0.8796658579958603 0.9448561637888646 0.011516749328351167 z
61688.32542064762 0.9180316901329206 0.9372662680676359 0.01228549612475886 y
61690.28228808096 0.042757607690873556 0.8569991492314152 0.012584747993363444 z
61690.3065666701 0.08152565882483032 0.8628470664729259 0.012508056627309085 y
61694.29780570069 0.4547361428849399 1.0789294990880007 0.010232686628126077 z
61696.270363282594 0.6045160896610469 0.9936288523579496 0.010975712305493863 z
61696.29428340876 0.6427117471175734 0.9920066488112488 0.011191052570739489 y
61697.30251825006 0.25266114171245135 1.1914389565423826 0.009753415340378262 r
61698.289004641374 0.8278826113673858 0.9528780771868567 0.011315660593582133 r
61699.294694620155 0.43376836947572883 1.0532592584893927 0.010381264509370406 g
61700.018672288345 0.5898159100470366 1.0203448948529314 0.010757735927289966 g
61700.02375349359 0.5979295785800787 0.9942504996380898 0.010953906307223805 g
61700.04300526373 0.6286708051338792 0.9885478452039541 0.011078993060829682 r
61700.047516100174 0.6358737087721238 1.010355560090373 0.010911189077228423 r
61700.24867831248 0.9570895293727517 0.8962192463479821 0.01203488526250118 r
61700.25329153632 0.9644559252046747 0.9110054501767811 0.011900277206952664 r
61701.25199251971 0.5591816554951947 1.0299988631439299 0.014417854726629457 i
61701.27604365651 0.5975865107320715 1.015585716479033 0.010801565455681249 z
61704.27661750119 0.38890282591455616 1.1305855143750194 0.009840629549453002 u
61704.30038988666 0.4268625710392371 1.0748290676921823 0.010244152989807217 r
61705.13147731256 0.7539429727185052 0.9663980035831737 0.011319215820923953 u
61708.02750779172 0.37832444183004554 1.079221126163063 0.011794406622651046 z
61708.05121517024 0.41618038386513945 1.1099931385272528 0.009993714869677596 i
61708.24607680272 0.7273354385979474 0.9692588017472785 0.012102778396530511 i
61710.273481097036 0.9646946157590719 0.9175920589626914 0.01186874076162468 r
61710.2965300465 0.0014991782663855702 0.8972879601280175 0.012036905809790036 u
61712.092373101455 0.8691013684147038 0.9288722081573089 0.011679905645342171 r
61712.116366377246 0.9074138311989373 0.9307083484939388 0.011623592520294402 i
61713.08695607372 0.4572514585306635 1.048717691853899 0.02176993082392 i
61713.11145404914 0.49636982567608356 1.0192877790696446 0.010695873398409344 z
61714.21839380837 0.2639312332175905 1.1745804291884216 0.009524205847360807 i
61714.24258823242 0.30256488954182714 1.150613350907034 0.009609031249018666 z
61716.07508196742 0.22869088558945805 1.085311470572396 0.010452831801970998 i
61716.09919609777 0.2671963289321866 1.1743767142091128 0.009475610645845527 z
61718.0774979943 0.426148797312635 1.0996141191067028 0.011454269886282934 y
61718.1003774094 0.462682647339534 1.0691642795508338 0.010311019608897416 y
61718.21220717438 0.6412524160696194 0.986927158734834 0.010992412419472132 y
61718.234888503786 0.677469962858595 0.9746853560031334 0.011177438783437044 y
61720.204178195054 0.8220317418745253 0.8643739138835331 0.0075727941571644706 y
61727.04000467262 0.7374794612551341 0.9433426381921327 0.011536035393941487 g
61727.064157593755 0.7760468457272509 0.9546115190961342 0.011444130510533264 r
61728.27994680776 0.7174190626392374 0.9491042376996691 0.011431419455099187 r
61728.30379533734 0.7555003946763463 0.9519178708366418 0.01141065542683099 i
61730.16850189089 0.7330638193816412 0.952929916407983 0.011380851310904414 g
61739.178537562824 0.1202887803374324 0.9667795235043305 0.011328390812070106 r
61739.20222266549 0.1581091522675706 1.0664245030859354 0.019829241942360104 u
61741.18942402604 0.3312722847913392 1.127937479904881 0.00985542966466399 r
61741.19032115374 0.3327048183127772 1.1520148602641824 0.009671815920337208 r
61741.21339455242 0.369548421309446 1.1000143314916955 0.010085462849795196 g
61741.21429018444 0.370978566526901 1.121544227746444 0.010519039974373484 g
61744.1338812642 0.03298160269332584 0.900169748527894 0.010626041430811263 z
61744.15789447621 0.07132589962566271 0.8591683911753514 0.012942439420505592 i
61745.15751331855 0.6675172670657048 0.9885113480153577 0.011045480422582162 i
61746.157217741405 0.26384528948983643 1.1653294116595323 0.008674756998619334 y
61746.179741732914 0.2998115991358645 1.1435407014289345 0.009712236457988388 y
61748.16790093484 0.47450421276153065 1.075315676100162 0.010475604375797724 r
61748.191978421666 0.5129511437262408 1.070381156219452 0.010286787806578343 i
61752.186473313566 0.891360587120289 0.9435870213383014 0.011503912258116629 i
61752.21043044645 0.9296153369068634 0.9229533800200829 0.011656206081244905 z
61753.1176226545 0.37821985472692177 1.0921947143527118 0.015180456746820288 y
61753.14021330824 0.4142926106142113 1.124908348190895 0.009870547717906566 y
61755.11383527042 0.5657721598254284 1.020316065232437 0.01074149750879991 r
61755.137654059334 0.603806001963676 1.0036378839758047 0.011999703425469641 i
61762.12473393427 0.760775146263768 0.9728352213732199 0.012776297217910054 r
61763.10843776522 0.33155342351528816 1.153758107555782 0.00965626544123859 u
61763.13123771626 0.3679603853379376 1.1348969236551023 0.0097957348653778 r
61767.08446313736 0.680470737759606 0.9849872216210921 0.01110480347293537 g
61769.08356536776 0.8726371792436112 0.9222799002097753 0.011758289838862677 z
61771.121063708975 0.1261145305034006 0.9819166115938741 0.011158271436243733 z
61771.1449671781 0.16428359001292847 1.0192899990827948 0.01078040375344258 i
61775.10503176632 0.4877147244696971 1.082750678075123 0.010238051700069792 y
61775.10547841729 0.48842793673975393 1.0667383735585885 0.012549541115853588 y
61775.12770603026 0.5239209891296923 1.0721847851904933 0.0189009372603931 y
61775.128151249184 0.5246319147117902 1.0386462144296962 0.010532130131298827 y
61777.10861006625 0.68702855380252 0.9695952538557954 0.011406136952002762 i
61777.13320123612 0.7262957338534761 0.9529324276636433 0.011407415702464747 z
61778.0626503609 0.2104400962998625 1.0820384872363955 0.0102038638540512 r
61778.08651158458 0.24854169826721773 1.0992631660512349 0.004658663039349539 i
61779.03566505183 0.7641499547753483 0.9592184605882077 0.011346967690327569 z
61779.048779486286 0.7850910837150877 0.9550293686419441 0.011606039287445115 y
61782.109515149685 0.6724737910262775 0.9725850580490261 0.011343385668900401 y
61782.13267838192 0.7094608402549056 0.9840633877624503 0.011151954217680683 y
61785.0624201395 0.38767247876967303 1.072273394791969 0.00812470734959111 g
61785.08641018431 0.4259797823178815 1.0676136162054302 0.013598719320968546 r
61787.0354365697 0.5381851145066321 1.0578612462197545 0.010433599265774984 z
61787.04801729473 0.558274016235373 1.0515584043285908 0.010481973101229334 y
61791.03776894708 0.929109454707941 0.9301659630311498 0.012474071069307079 i
61791.05044429722 0.9493494538182858 0.9168355551502745 0.012187947449229412 z
61793.062200284396 0.16172141414426733 1.116592662315473 0.01000603958508302 u
61793.084592627245 0.19747750720125623 1.0408065556553947 0.009673672862307628 r
61794.065198960496 0.763309700138052 0.9598627224206104 0.011228812764703566 z
61794.089116516916 0.8015012542309705 0.9354721154008444 0.011568736916784658 i
61803.061168618166 0.12807404949853662 1.0319557813878948 0.010633690404516088 u
61803.082666440074 0.1624017715221271 1.0197293145511515 0.010783864641892816 r
61843.997532018715 0.49525912749231793 1.038861528595187 0.010483353474850209 i
61844.00063649835 0.5002163605822716 1.0389187976022654 0.010532396411902187 i
61844.00374047529 0.5051727909594774 1.037329843112793 0.010578094491886684 i
61844.006843957424 0.510128431225894 1.0697896925591053 0.010314077176114989 i
61924.44032453663 0.9463102200970752 0.9109518619500092 0.011876109193054313 r
61947.443697495786 0.6780961612821557 0.9727003278979737 0.011230701016421912 i
61993.43399130607 0.11539731753873639 1.004322455581913 0.01160278983047748 y
62011.4026334206 0.8077250460337382 0.9446966330816468 0.011365113461807826 i
62011.41228800058 0.8231414793408476 0.9459347128957399 0.024650535614927027 z
62044.32237772947 0.373972758432501 1.1258987718984492 0.00984576820830728 y
62046.3154975456 0.5565864808304468 1.036159985065708 0.010601614422603753 z
62046.33958507795 0.5950494524877286 1.019113260221015 0.010647828993316158 y
62060.27624976276 0.8491156211966882 0.953284631309814 0.011380611880822898 u
62075.24759369983 0.7553576198988594 0.9557286456103139 0.011321314550279812 y
62075.27041989866 0.7918064941914054 0.9493108306892051 0.012131442896093294 y
62098.18789343596 0.3864282385620754 1.0896503674004456 0.010064629547209051 r
62098.21194261159 0.4248299621976912 1.0733007663923648 0.010242565679737444 i
62102.16980524291 0.744745011892519 0.9810643618367192 0.01116571303111121 z
62102.19384959738 0.7831390371138696 0.9516895918917538 0.01192588856874017 y
62103.182557743654 0.36190820508636534 1.1179190830773358 0.010087061002803268 y
62103.20655401747 0.4002254551160149 1.1074165657890334 0.0099797846685212 y
62106.134611902264 0.07574828555516433 0.8609919093989568 0.012550647739875758 y
62106.15752833936 0.11234125230112113 0.9199291277298223 0.01182765456070517 y
62109.20531684903 0.9790499445516616 0.9115231285137139 0.011813929300364378 i
62118.14265924885 0.2501982885733014 1.1609181336035856 0.009580309922188201 u
62118.165077108024 0.2859951261052629 1.1541332377999487 0.0100064515760787 g
62133.112146528474 0.1534755766770104 1.1051322132757042 0.0060246528613499975 y
62133.135065543574 0.19007265999971423 1.144379282511297 0.009737603184832072 y
62174.08244398181 0.5748465501674218 1.0006922873465776 0.01076346293591158 r
62174.106151884014 0.6127033284137724 1.0146438853762267 0.010834608581714898 i
62207.99859489344 0.7321563258592505 0.9593544507973939 0.01135054588690402 z
62208.00170074657 0.7371157521411078 0.9730643303817942 0.011474046281517486 z
62208.00480602201 0.7420742559625069 0.9550566483849817 0.011401209391128219 z
62208.00791073909 0.7470318682026118 0.963426309132465 0.01133430916365233 z
62374.42477101949 0.4814743639435619 1.0694636997179139 0.015283217480174032 i
62382.25758917415 0.9889183932973538 0.9092304623238953 0.011922365577079803 u
62382.28087733837 0.02610493393149227 0.8870834596312303 0.012205963750454329 g
62384.377004461756 0.3732007245416753 1.093255927046663 0.0100403772697009 z
62387.21143728578 0.8992230579606257 0.9206341952270116 0.01179513828064932 r
62387.236986615746 0.9400202280376107 0.910145392172547 0.012348370894656346 g
62388.20346106722 0.48328663215215784 1.0313258719247838 0.010598680496748357 g
62388.22739486474 0.5215041200281121 1.031830360700699 0.010645373005968753 r
62388.376291551365 0.75926234923827 0.9675552370666307 0.01175107948213864 z
62396.35669407173 0.5023690937523497 1.0456247089294175 0.010435365567032444 z
62396.362073841796 0.5109595105896005 1.0566882701525357 0.010442356659926788 z
62398.3516766565 0.6879572851175908 0.9845640671337558 0.011038775552335359 y
62398.36160328259 0.7038081216596765 0.9839431364163642 0.01152130209882302 y
62406.393707359864 0.5294719122466631 1.022143885871945 0.010713494091010547 z
62407.31092288353 0.9940816604357678 0.8933312183559361 0.012270177175638632 r
62407.334765652995 0.03215379471657798 0.8753988759077698 0.012351153979447721 i
62408.33603678018 0.6309835306019522 1.0028212886961358 0.010909805970579136 r
62408.360489341976 0.6700293812755262 1.0004234842974207 0.018259878920358352 i
62412.130389976715 0.6898067148285918 0.9776484272600172 0.011196421543306068 r
62424.30740161411 0.1340588974271668 1.076034410463686 0.010185857104039952 g
62424.33125635733 0.17215015139663592 1.0554381517057605 0.010399220371016715 r
62425.10366522718 0.40553263477340806 1.0979661917465526 0.010047540430192178 z
62425.12745650148 0.44352254158002324 1.0927016060435977 0.01014251572483134 y
62425.297881582315 0.7156573106622091 0.9640684844781302 0.011319856110773834 i
62425.32182328822 0.7538874266465427 0.966766559782644 0.011322391618608981 z
62426.279301812385 0.2827891340275528 1.156621005954925 0.00964297477668593 i
62426.30410825065 0.3224000546615571 1.159998675423315 0.009618953885085388 z
62427.29310956095 0.9016373469494283 0.9142287021460456 0.01180633596155347 i
62427.317224905535 0.94014472917479 0.9228325814357418 0.012924180953993678 z
62428.2864504614 0.4878040967741981 1.0797670659104692 0.010253739505800287 z
62429.28087373935 0.07569918701483402 0.8609468975717699 0.012554725590421855 y
62429.303371872105 0.11162420539767481 0.9722751601471941 0.01121234192688335 y
62432.26021275234 0.8331077229522634 0.9251780833095535 0.011690450081574828 z
62432.2844143782 0.8717528791166842 0.9280683950387253 0.01240388187318282 y
62433.3070238958 0.5046557568275603 1.027907707568336 0.010683470802427705 i
62436.3206136962 0.31675595011620317 1.1508442820682314 0.009618547335649572 i
62436.32341467403 0.3212285515037365 1.15195489716829 0.009746499850792418 i
62437.25826673833 0.8140003277803771 0.9407883929233298 0.01306867857875311 r
62437.28235301904 0.8524613008194137 0.9507000967840064 0.01146131272344671 i
62441.23620435839 0.16597111949522514 1.0451997287209662 0.010572196941577969 u
62441.236630285326 0.16665123961865902 1.1372111831923934 0.0051150758219814406 u
62441.26131373758 0.20606577619037125 1.185309287817169 0.009380349222903012 r
62441.26177438674 0.20680134075519163 1.1662149637124946 0.009466057485632484 r
62443.04081740417 0.04757723100192379 0.8963310490647458 0.012729843974314363 u
62443.06444691036 0.08530882647028193 0.8816850779316623 0.012261457995748294 r
62443.26333484352 0.4028930781496456 1.1015256087667 0.01003726180264077 r
62443.287388132274 0.4413013696321286 1.1041299236101372 0.010076380313896606 g
62446.074966153574 0.8925059540488292 0.9319671267062727 0.011583879830960988 r
62449.209132613316 0.8971429569646716 0.9371838574044652 0.011591457752790892 u
62449.23235377078 0.9342225011932896 0.9180747407908014 0.011819983605276056 r
62454.16969750811 0.8181729809584795 0.9428423909016453 0.012174256994887825 i
62454.193756960514 0.8565911145706195 0.991542409363672 0.020576281373027416 z
62454.21469524918 0.8900253739120672 0.9326269245453924 0.011649839314339947 z
62454.23881203344 0.9285350550198928 0.9118317315081225 0.011858318595205572 y
62460.17568494193 0.4085337152937427 1.0662613345642913 0.010197291517059573 y
62460.198217365636 0.44451348946313374 1.0823690207854344 0.010207802145170069 y
62460.20546709884 0.4560898634372279 1.0445207199700517 0.010513879893132887 y
62460.23052016343 0.49609459697967395 1.044758548281017 0.010501194107525789 z
62461.23685474496 0.10300965677015483 0.9912344199635795 0.01192370475976411 i
62463.19731961719 0.23347996473603416 1.1583704239376136 0.009624263173454519 z
62463.2222859941 0.2733462753967615 1.1423369564586638 0.0097007126902546 y
62464.18213841338 0.8060386184952222 0.8678331909687638 0.006419226349558084 i
62464.20657803478 0.845063805943937 0.9414078946496929 0.011517069812171066 z
62466.22507120299 0.06819369694858324 0.8708106072815083 0.01238381836264841 g
62466.24905219046 0.10648653774114791 0.8878603932238331 0.013673408925616876 r
62468.181611119486 0.19239663561165798 1.045863607315665 0.010550219647120933 g
62468.20554524058 0.23061464016791433 1.1191350091018761 0.009937507197625432 r
62471.19885629891 0.010333738115150481 0.8823594415100446 0.012187609245466068 r
62471.2222326252 0.04766105594171677 0.8837077922100475 0.012322857688511706 u
62482.113057362236 0.43812999603687786 1.0698758221043676 0.010302894241616657 z
62482.13706158059 0.4764599319023546 1.0615000975119833 0.010495329625020606 i
62482.16696769958 0.5242140227055643 1.0489385520089325 0.010447882789734823 z
62483.115701939525 0.03915285704715643 0.8919978365197364 0.012142833421829924 y
62483.138219270746 0.0751085315423552 0.8838020253478184 0.012391638596422247 y
62484.14197489198 0.6779055075312499 0.9674835435579131 0.011256464451123422 i
62484.16621321128 0.7166092557890806 0.974820746242337 0.011635477295336911 z
62485.1179206809 0.2362957432778785 1.187406323700004 0.009346878445933507 y
62485.14080765364 0.27284166133904364 1.1934317956846734 0.010418441111511221 y
62489.12356617262 0.6325104644492967 0.9964763386255437 0.011006274142092185 i
62490.16800905267 0.30027685532695614 1.178862821643222 0.009473114163777172 y
62491.11822140945 0.8175759466248564 0.9551319580454815 0.011391317973305143 y
62491.140991025575 0.8539344696473563 0.9489429309358443 0.011493205241897205 y
62494.16825994203 0.687877475444111 0.9858831459005025 0.011037722239815886 i
62495.12347555658 0.21316576877143234 1.1191381251972528 0.005164139728509406 r
62497.16154648879 0.46755743330868427 1.101720536506051 0.010071659454071735 r
62497.185314234885 0.5055097702861531 1.0315432954864712 0.010889098051222134 i
62501.153123386175 0.8413074230629718 0.9393069899676559 0.01157727766731866 u
62501.17571931956 0.8773886094859336 0.9273650332482015 0.011638245201367562 r
62506.07193760087 0.6956699610891519 0.9757915770790269 0.011191224627284675 u
62506.095233424196 0.7328687317640288 0.9533639529029987 0.011428345626171578 r
62507.17001181128 0.4490748602693202 1.0612629699112497 0.010357861868541578 i
62510.119604090694 0.1589838120416971 1.0222054790298967 0.010755070388915081 i
62511.111131261954 0.7422543990978738 0.9579829667744652 0.0113493681175762 y
62519.03896694395 0.40142241610737983 1.1125124884545665 0.009941441848712826 z
62519.05153824642 0.42149627189792227 1.093147284977842 0.01012911236706827 y
62521.14732233339 0.7680443019635277 0.9773238667616884 0.011162852230275556 i
62521.17113801722 0.806073185915011 0.8760658669072193 0.006985821048678657 z
62526.03573114735 0.5738554960989859 1.010682237555036 0.010846363297781403 i
62526.048392779456 0.5940735902549932 1.0038471291785633 0.010890860809436948 z
62527.07496701601 0.23330733117472846 1.1472423345016438 0.009713871691620432 g
62531.05870094106 0.5945336627046345 1.0026844200849483 0.011413682285688682 u
62531.08117389648 0.6304184779146453 0.9253239592977749 0.007258829801902412 r
62545.04954651929 0.9351158820063574 0.9292487746722684 0.01169952230177756 y
62545.072345482746 0.9715212668670574 0.8986243080897696 0.012641822767434908 y
62575.99647743912 0.35117517480102833 1.099460987742002 0.010003812626819566 z
62575.999570015774 0.35611340119794477 1.1017177083110137 0.009982287557478172 z
62576.002662126535 0.3610508836718509 1.1096541915955633 0.009968614939214585 z
62576.00575376226 0.3659876075980719 1.1356304463998739 0.009795782547590354 z
62653.435570994225 0.005919763600104488 0.9107562259804091 0.011919585172158116 z
62729.418996282206 0.336253263434628 1.1115733288924743 0.009975726841686738 z
62737.255720325746 0.84993421616673 0.9358793618839648 0.011700647551672935 r
62737.28100486818 0.8903085735219065 0.9400774049578707 0.01151317927667363 u
62738.273808899314 0.4756180504336953 1.0310481596001417 0.0106133535111588 r
62738.29702098199 0.5126831040543038 1.025880244087171 0.022067855189177137 u
62742.42126235417 0.09827172715449706 0.8815872632112361 0.012249100015603902 i
62754.3740607625 0.18450022557226475 1.0847772353988723 0.006713847896668946 y
62754.38406116239 0.20046886411728337 1.0674442755269957 0.010367904751478066 y
62762.339545954346 0.9037869799212785 0.930047845210686 0.011703058712132543 r
62762.36384326676 0.9425849283725256 0.9064500000891431 0.011978879225783346 i
62768.32480182339 0.46104355160787236 1.0535799825183152 0.010423572057532126 g
62768.34958742094 0.5006211937725311 1.0545002436983908 0.01046660380416895 r
62779.31609425439 0.011939305433770642 0.8891977031282425 0.012169981903813484 r
62779.34026469471 0.0505346645222744 0.8725774078449625 0.012327431858150256 i
62807.21391673055 0.5591822353599127 1.0301064391523762 0.014380702184242575 y
62807.237571873615 0.59695476781053 1.0137290105233892 0.01070315596751614 y
63095.31109012313 0.5927487086300971 0.996791455221361 0.011933190628069568 u
63095.33555368359 0.6318121219665045 1.0044234610434903 0.010899883881839321 g
63097.42270093796 0.9645688577584224 0.9207054266903945 0.011841995932943073 z
63098.41301013331 0.5458945808786666 1.0453620748084411 0.015975552775028407 r
63098.42579430691 0.5663083492836449 1.0221195454740284 0.010759731537807873 i
63100.23713178888 0.4586520404991461 1.0787020300572407 0.010242707060403599 g
63100.26102485112 0.49680448228900786 1.0731983198517365 0.0103570678664469 r
63101.40234242354 0.3192603819334181 1.1682520223138508 0.009732669566237513 r
63101.41280856937 0.33597272358019836 1.1120391593394328 0.009873537231835523 i
63107.27436413072 0.6957046439492842 0.9751053646673917 0.011195046180988471 z
63107.299113760586 0.7352248529205099 0.9622297232160498 0.01121690632338916 y
63107.41293209415 0.9169699679478072 0.9121948054440556 0.011882523840987681 z
63111.39352066166 0.2731737925496418 1.1602443179060502 0.009724433954817325 z
63111.404828110426 0.29122952674515545 1.1698159228117149 0.017409642682450203 y
63114.37682221284 0.03690970948082395 0.8725634709703325 0.012368274211565401 y
63114.386836510035 0.05290053924545646 0.8885194969501216 0.012266181632526225 y
63114.39777362103 0.07036491807957646 0.873468091057141 0.012374629015427541 i
63114.408635561886 0.08770926523720846 0.9111051069463558 0.01184468524150043 z
63116.23994214379 0.011939615214942023 0.8891782420578377 0.012170150827856635 g
63116.26484802626 0.051709328341530636 0.909104765811538 0.011777495098441539 r
63117.25308010608 0.6297183134010993 0.9994863618838622 0.011410518685957369 r
63117.27733663538 0.6684511393832508 0.9868510199766769 0.011018398841977067 i
63117.40368689946 0.8702072410669643 0.932266452960376 0.011875236992420914 i
63124.3679872897 0.9908021042065229 0.9168588392410615 0.011846727239607072 r
63125.3527444601 0.5632623538986081 1.0222577519456093 0.010755358733704382 u
63125.371884602 0.5938253324857214 1.012749887010371 0.010826156027821434 r
63129.19036969068 0.6911823221016675 0.9784148045996194 0.011156680406676245 u
63134.35801932676 0.9428852609853493 0.89395815553432 0.012101652678741429 i
63134.369357318785 0.9609897666523466 0.8875034929300142 0.012069783326329193 z
63135.152318217784 0.21122173017647583 1.1171000760758159 0.004728962802700518 y
63135.174972415894 0.24739595371647738 1.170710026383659 0.00948369703014205 y
63135.32196080174 0.4821070082252845 1.0241251785761287 0.010750707098274002 i
63135.347017587505 0.5221176837367238 1.05350351863776 0.01045104980185549 z
63136.34891386383 0.12194565778190736 0.9353227905142568 0.011635468887516468 z
63137.170106746344 0.4332264525728533 1.1049553196228106 0.010030413352907497 i
63139.33405606287 0.8886207212053705 0.9227562679626286 0.01175657797291148 z
63139.345335989485 0.906632508020266 0.9095312290891512 0.011841435169029484 y
63142.30762469823 0.636815118152299 1.0157201608135378 0.014116365702294211 i
63142.30807379299 0.6375322326639434 0.9813003263478285 0.011084111732345626 i
63142.333327158616 0.6778568068984896 0.9628427005742216 0.011278254607069334 z
63142.333773692444 0.6785698321036762 0.9837431809148205 0.011110262349433186 z
63144.29315419634 0.8073086207296001 0.9562177276332985 0.011545017856311762 r
63144.31708738326 0.8455251335981302 0.9435107431595677 0.011569239035148416 i
63150.2863893281 0.37730647913122084 1.1043357142244936 0.01001872151954165 g
63150.3103566135 0.4155774404644035 1.0716392950620044 0.010290843370830392 r
63151.11856721278 0.7061281253845664 0.9546330908182473 0.011374728695898336 u
63151.1488922527 0.7545511491189245 0.9631146585155265 0.011281581918866015 r
63155.10781015227 0.07615125116717536 0.8632644945827244 0.012493000207050117 u
63155.13029023858 0.11204745297436602 0.941377137627931 0.011575539341056507 r
63159.265867656795 0.7157374743837863 0.9592640486073918 0.011361890880243596 r
63159.29050850259 0.7550839769537561 0.9659563119183732 0.011265480630773834 i
63160.035277016155 0.9443303394073155 0.8984237982909022 0.012126806750345274 z
63162.07594082747 0.20286231332283933 1.1732778158661454 0.009987551872246729 r
63162.099867641475 0.24106864992063493 1.1170515687654834 0.006162222364879665 i
63162.28906833156 0.5431843118567485 1.0349363352983476 0.01065153581386924 y
63162.31297322881 0.581355651767808 1.0218239843543393 0.014857939612879097 z
63163.3144325367 0.18048587461817078 1.0858585494365611 0.007026439943420067 g
63163.33834477737 0.21866894052072894 1.1098442852790669 0.009983145982004048 r
63164.25916102909 0.6890283312677639 0.9476755384206241 0.011483439638491447 z
63164.2835161082 0.7279185215884354 0.9715243504267921 0.011356508100137486 y
63169.28801411172 0.7191009336092975 0.9638699105397939 0.011206244230855231 z
63169.31191014181 0.757258114463184 0.9541271208144166 0.011343513238751253 y
63170.24596131058 0.24875102075748146 1.132920655669992 0.010408907894191733 i
63170.27058385932 0.2880683065741323 1.1742356693232834 0.009470624707245731 z
63171.29991167033 0.9316989552025916 0.9147031384688284 0.011866676708546037 z
63171.32408543099 0.9702996162232012 0.8830916500488668 0.012251007158232912 y
63175.20319954081 0.16446902678580955 1.0526642101802608 0.010483093050332725 i
63175.2276675383 0.20353952517325524 1.0556037412868746 0.009236025183465155 z
63177.081356465766 0.16351000455324538 1.0397930550458803 0.010790430438037048 g
63177.10546105259 0.20200020879565272 1.0815073780571245 0.004991974838650817 r
63180.238354396504 0.20460430035018362 1.109174587067932 0.009967177086778975 r
63180.26427490212 0.2459941637207521 1.1166599216963216 0.008203239410511754 i
63182.21637773371 0.36311196521273814 1.1102325860966504 0.009950366235075975 i
63182.216832348335 0.36383789383398835 1.1346400906463903 0.009810477695281735 i
63182.240323870305 0.4013491561199771 1.1159520608278393 0.009921458107973055 z
63182.24077848493 0.40207508474122733 1.1385829477357496 0.009760090662857171 z
63185.182905220005 0.10006305531715043 0.9226703930194884 0.011759616804873913 u
63185.206453136074 0.1376643676921958 1.0057276985776271 0.013327989955376414 g
63185.23334935333 0.18061224740813486 1.1095161590308122 0.005363887839178085 g
63187.0214548763 0.035859146490111016 0.8760290715153716 0.012305961778954879 i
63187.03447526237 0.05665009896620177 0.8768906028569449 0.012228004342968482 z
63187.27830270262 0.4459937555657234 1.0757742912225878 0.010197183352801802 u
63187.30158398583 0.48316930858709384 1.042261014420147 0.010517167957662558 r
63188.19495140236 0.9096983993076719 0.9013489193247695 0.012006834179439282 g
63188.2193144925 0.9486013816349441 0.9191610531060842 0.011831089827871 r
63189.18168709905 0.48531795978487935 1.02621565239822 0.008918030374112684 i
63189.206408989376 0.524793874254101 1.0361285632087993 0.010619142541964019 z
63191.19659941382 0.7027299440087518 0.9848203404896282 0.011110223945888554 y
63191.21926756534 0.7389264483499574 0.9598227490880312 0.011606507140744116 y
63192.16606928442 0.25077943337964825 1.124122497617185 0.010246081717492616 z
63192.190051128964 0.2890736427507363 1.1440805426932223 0.009677666333752397 y
63194.16804361409 0.44753204299195204 1.0912411610154051 0.010142822937969379 y
63194.19116090929 0.48444573997403495 1.031992893976523 0.010630148193462686 y
63199.138343854655 0.3841074671217939 1.103527676652917 0.01013398765478488 y
63199.161198433314 0.42060165833390784 1.079623262138334 0.010176589948363512 y
63200.18108764512 0.049160751746967435 0.8788307545714131 0.012439569058471572 r
63200.18198578719 0.050594904998433776 0.8721588489001513 0.012322377952925519 r
63200.205102446176 0.08750758606765885 0.8972255978066741 0.012022580345723191 i
63200.20599849527 0.08893839726806618 0.8989070488343095 0.012027759438259627 i
63202.19328564315 0.2622385150025366 1.170386155732814 0.009506984005349293 z
63202.21711989768 0.3002970526285935 1.1768339252959072 0.009484599145966839 i
63204.24602719715 0.5400562284194166 1.0320539914668583 0.010619299104767952 r
63204.26995372994 0.578262115988764 1.0083921329181564 0.010891828139119215 i
63206.13959427837 0.5637041437148582 1.0113944498150869 0.010696482960564208 g
63206.16345866692 0.6018107993440935 1.017988562884077 0.010782563420259156 r
63208.15681509613 0.7848023455153452 0.8487223495228567 0.005881605360409283 g
63208.18090585903 0.8232704757101601 0.9573511210166706 0.04369429834979303 r
63209.15207604981 0.37403503635141533 1.120141519408403 0.009883798430835167 i
63209.176344976644 0.4127876587153878 1.0745338837461538 0.01023117243742023 z
63214.1116523353 0.29348644902347587 1.1419875513645237 0.010660278202170035 r
63214.13566149354 0.3318242729001213 1.1306492711547254 0.009789346748743212 i
63215.11989144569 0.9034426604921464 0.929501988137784 0.012113931464822836 u
63215.1436815958 0.9414307721890509 0.9244917236323259 0.01175228139693761 g
63217.11771541729 0.0935679783433443 0.8690822120183579 0.013446733560728466 r
63217.14161886025 0.13173699605977163 1.065324943971879 0.010321700388831546 i
63221.10545076783 0.4611837860866217 1.028827325371194 0.00864448177781533 y
63221.12923185401 0.49915742449229583 1.0497740225493453 0.010480626729060012 y
63222.127858548956 0.09376453098957427 0.9254214021250705 0.012335184460755091 r
63224.05562956438 0.17202928841288667 1.1059221586998433 0.007087028413183941 i
63225.062815618294 0.7803039793070639 0.9675605968347395 0.01126211582107116 z
63225.08781667372 0.8202256646036403 0.9469844978487609 0.01169459440042529 y
63226.10641152508 0.4467179232597118 1.0587263139705307 0.01035155874054614 y
63226.12698830309 0.47957492238492705 1.0709672063513616 0.0168535192128641 y
63226.13056606885 0.4852878987585427 1.0513448745487102 0.01019942048856665 z
63227.116294301726 0.059298741005477495 0.8602899581027666 0.012544026103249133 y
63227.14025745141 0.09756309841759503 0.8643677171400082 0.01253379704067574 z
63229.10559288933 0.2358107257023221 1.1640823277620054 0.009556570523167544 y
63229.12860218189 0.27255196405167226 1.1443253021022703 0.00967719261379215 y
63234.06714453262 0.1584163897059625 1.066868406694525 0.015845094318208866 z
63236.05320528447 0.32975819826242514 1.1392239827563135 0.00972896151952219 i
63238.061061547574 0.5359030791878467 1.022423107725578 0.010763295819483794 g
63238.08491257212 0.5739883951755473 1.0002891603300041 0.010921514464171037 r
63239.07682444662 0.15787327638827264 1.0768254510837674 0.01866178708293218 r
63239.10102863385 0.19652252254309133 1.0905587946806976 0.010218633424371942 i
63243.03666660915 0.48094924150791485 1.0625066862454573 0.010363795627315042 i
63243.049923879196 0.5021184503129916 1.05541645652256 0.010378854347953347 z
63245.06847538923 0.7253415015293285 0.9227411619208388 0.008659043797841093 g
63245.092313922076 0.7634068707848201 0.9297674646342778 0.009712500154417394 r
63251.06539894015 0.30122902763832826 1.1849913653305744 0.009451255675079541 r
63251.08929306656 0.339383168698987 1.1396436816290871 0.01083297788288745 i
63254.063956749924 0.0893261382880155 0.8889711905678974 0.01214163227593426 y
63254.086521581696 0.12535766167275142 1.0201925139230106 0.010679960601659627 y
63273.05610690436 0.41599150489491876 1.072250183186014 0.01027117268367856 u
63273.078858572546 0.45232136866252404 1.0700582503736311 0.010544178737101133 r
63308.0034948614 0.219980594702065 1.090066638817571 0.010189991413375616 z
63308.006574518 0.22489819036854897 1.149960482912797 0.011204760702995267 z
63308.00965365036 0.2298149489070056 1.129935832520379 0.009829925233722883 z
63308.01273231616 0.23473096246016212 1.1267868608001517 0.010774515101920287 z
63311.9996691942 0.6010717693134211 1.0249728277923 0.0106827983760391 i
63312.00274457772 0.6059825417178217 0.9969713577611873 0.011029491347889293 i
63312.00581926771 0.6108922066923697 0.9965071552729176 0.010969717645688925 i
63312.00889329322 0.6158008106285706 1.0198878670795681 0.010765081111415022 i
63382.43781353226 0.07670064833655488 0.8943301139050741 0.012059083856386005 z
63412.416159955676 0.9461242172401398 0.8965798522827843 0.012100506135373374 i
63465.277407855334 0.35496486340707634 1.1444342816574957 0.009709685708347538 y
63465.300286240534 0.39149706889293157 1.0767501956940178 0.01017948675452449 y
63484.194446468726 0.561692121278611 1.0237457091952604 0.010942796011444126 u
63484.21757208947 0.5986191124829929 1.017022617043405 0.010811436725842645 r
63484.37473929279 0.8495837027439848 0.9376481391207689 0.012227564345655506 i
63507.313940341046 0.4788999365991913 1.0838084566718666 0.01019758517539771 g
63507.33802196758 0.5173534778441535 1.0375803226417424 0.010523313993559326 r
63519.28526483952 0.594710895762546 1.0085176943114922 0.011185835202790227 z
63520.12600268466 0.9372010868828511 0.9353801767348522 0.011583723839785467 r
63520.15026433059 0.9759420830960153 0.9077953620534651 0.011972841381207132 i
63523.29292910298 0.9941491916542873 0.8930474730393781 0.012144130423717694 y
63523.3169385493 0.032487475546076894 0.8729228380133132 0.012334135772480001 z
63525.2576170064 0.1313628358329879 1.0436625046810961 0.010623615347534688 i
63525.28168919062 0.1698012995911995 1.0715415173853364 0.010324980980928012 z
63557.173308771075 0.09433944566990249 0.8682155830457379 0.01242651225171474 i
63557.1978516594 0.13352952974673826 1.0719028182481356 0.010241254109020076 z
63590.0637950763 0.613867977852351 1.0022414458128588 0.010935334224768042 i
63590.087951778536 0.6524413999868557 0.9944788727833669 0.010850256910320301 z
63611.102808780044 0.20896505999553483 1.1430603942500188 0.009757656506352732 y
63611.12934605029 0.2513397731236182 1.1553133410913545 0.009571032775482293 y
63613.10131540364 0.40018043655436486 1.1100445723416075 0.009967386354723651 z
63613.12508105151 0.43812942306976765 1.0698041896045336 0.01030372510514556 y
63840.37566356972 0.31185958813875914 1.126627649837889 0.009775890783841803 r
63842.400395075645 0.5449508568126475 1.0207070361954993 0.01077520941245301 i
63842.41173306508 0.563055358332349 1.0202783832285167 0.011191864050941816 z
63847.395454981444 0.5210625143809011 1.0423703206813775 0.010590189017642923 i
63847.406775530006 0.5391391663288232 1.0398719445331128 0.010994367028302133 z
63848.388803853224 0.10724199283868074 0.9093502348373248 0.012101472877808873 i
63849.37691059311 0.6850508351053577 0.9948958344522268 0.011581570917439162 y
63849.38682564791 0.7008831946004648 0.9763531961285754 0.011168625738189823 y
63855.356520423295 0.2332918119354872 1.1462419526468717 0.0097219272285679 z
63855.36795275995 0.2515469671052415 1.1776515375885952 0.009459800626493804 y
63856.36955077091 0.8508986710075988 0.9429987635726956 0.011519656326702855 r
63857.20663291821 0.1875514438143 1.1106122952976625 0.009986845369116813 u
63857.22931663006 0.22377279489592183 1.1093426765924799 0.012536044774043452 r
63863.35459158181 0.004611837852280587 0.8876921717663844 0.01469833796701059 i
63863.36585373573 0.02259524523105938 0.8749345077514469 0.012305639849211465 z
63869.18501276865 0.3146283889946062 1.128687210974057 0.009805318541145358 u
63869.20808195972 0.3514652732992545 1.1295580627079875 0.009800519906016169 r
63870.350112670836 0.17505991281359456 1.0834641907465683 0.010480295183606063 g
63873.10818662257 0.5791523989319103 1.0171142832916196 0.011608017105701501 y
63873.131215877875 0.615925513804541 1.0128069802889008 0.010817587697368623 y
63873.31392605233 0.907677120383596 0.9288365026181223 0.011641114681681275 z
63873.33786590699 0.9459042803064222 0.9033758594654998 0.011888118091046977 y
63875.149067241466 0.8380305711907567 0.9395355160512018 0.011546316908098198 i
63875.322663701845 0.11522939911810681 0.9926491464240308 0.011051372651934097 i
63875.323121492125 0.11596039864525665 0.8980580104164327 0.012837470332420515 i
63877.3196403455 0.3040017037128564 1.1450834154003902 0.012326801436925706 i
63877.3414050298 0.33875555160921067 1.1387500065365674 0.009761894721174308 z
63878.29687750867 0.864454005859443 0.945509507043024 0.011662920118588853 y
63880.31045043739 0.07972725844592787 0.8755782513136551 0.012329202009198435 i
63880.334364086164 0.11791257280856371 0.9258817266780964 0.012653128413160452 z
63881.30056969013 0.6607496812212048 0.9682596995478013 0.010145317434206064 r
63882.15429981875 0.023985950596397743 0.887041216296549 0.012241708036473656 g
63882.17931219464 0.06392571241303813 0.8704606220669546 0.012367463675212966 r
63885.10905257516 0.7421351520315511 0.956045868908586 0.01138368482785727 g
63885.13512006036 0.7837597124016611 0.9546971662289051 0.01138812758054043 r
63887.06456043208 0.8646900979656493 0.9272858352862909 0.01174170018019571 u
63887.08685754956 0.900294135150034 0.9288511238827412 0.011697908249615424 r
63887.30252418418 0.24467061732138973 1.1579355214531482 0.007933685287410225 r
63893.243716644 0.7315667371585732 0.9706192717794456 0.011297270690405198 r
63893.24596955936 0.7351641924033174 0.9632219248848891 0.011208821157710349 r
63893.26737698011 0.7693475618580123 0.9670519220376707 0.011255651504044837 u
63893.269456230635 0.7726677090977319 0.9229736179486706 0.01176691703429405 u
63895.24404105166 0.9256847513024695 0.9207889030917861 0.01188298701201122 u
63895.2666376027 0.9617669239960378 0.9062196130230636 0.01195176924973585 r
63898.26121185142 0.7435030843626009 0.9566526157054775 0.011342729200853927 i
63900.23449616354 0.894443473953288 0.933798070733846 0.011572829029747171 z
63900.25859229117 0.9329201705550076 0.9165405348408248 0.0117864390092393 y
63903.24496254277 0.7015561883017654 0.9850541294553077 0.011078028015304208 i
63903.26877130598 0.739574021397857 0.9646490629011227 0.011296283918075507 z
63904.21010073537 0.2426888542540837 1.1435247014559298 0.0080302914362975 r
63904.23548688884 0.28322546412528027 1.1653365260390882 0.009519013807237735 i
63908.22910816262 0.660239914082922 0.9987258906955222 0.010952513108072558 y
63908.251885732534 0.6966111377259949 0.9726872482760294 0.011207335878134139 y
63912.266174467404 0.1066273895703489 0.8557859595745534 0.012856557753051891 z
63912.290050190495 0.14475214420235716 1.0736672024969667 0.010239381014223035 y
63916.20116505054 0.39002035271550994 1.1346504020448602 0.009813330604284765 i
63916.2252704729 0.428511891150265 1.0762157994691006 0.01034956888009192 z
63921.022923033735 0.0894035002856981 0.8737024062310712 0.012352570396876272 i
63921.0354996961 0.10948591475607827 0.901449354493658 0.012023168278846214 z
63922.056733059835 0.7401913499634247 0.9706450475653164 0.011191923578517412 r
63922.0811750615 0.7792203382268781 0.9485842531621397 0.011432679573946763 i
63923.194127794566 0.5563832623738563 1.046444312061779 0.010528047351051822 u
63924.18881780184 0.14470426600018982 1.071262194079412 0.010262607985184741 r
63924.212967943895 0.183267212822102 1.0144388679323777 0.01082588234819322 i
63925.156831446875 0.6904284543852555 0.997511182156176 0.010957217543326458 i
63925.18143501137 0.7297154261759715 0.9779109423867423 0.011352312505451018 z
63927.17583427046 0.9143721630971413 0.939585270942199 0.012905281388354433 g
63927.1998030702 0.9526455425075255 0.9175432979629153 0.011803491979036435 r
63928.23267836735 0.6019408169959206 1.0176785905386574 0.010737503056620105 i
63928.2569880907 0.6407585832494078 1.0289502417891951 0.011390820378890188 z
63929.15475105885 0.07430649078742135 0.860471065126584 0.012546200346451975 i
63930.19050105494 0.7281920845416607 0.9591617385633776 0.01128449554355813 y
63930.21307316537 0.76423523046833 0.9566742562897769 0.011355962815516997 y
63931.02961813825 0.06809424317907542 0.879328389981926 0.012282285789626736 i
63931.04281595148 0.08916851133108139 0.9120948363676296 0.011824984772462568 z
63932.199315816644 0.9358674960385542 0.926919015390354 0.011670179807717675 y
63937.14300500319 0.8299503891175846 0.9346188543751222 0.01150700627263044 z
63937.16720337756 0.868590353304171 0.9505288211704654 0.011456126624008972 y
63938.159976431336 0.4538503655785462 1.0661088959110334 0.010302200513575974 r
63940.160064873955 0.6475915907503804 1.0012178110875203 0.010878992279348394 i
63943.11449574629 0.3652268076839391 1.0984633825309842 0.010008471400069706 g
63943.13530920887 0.39846174474223517 1.0823016818962992 0.010142291365096773 r
63946.167158217 0.23971824091859162 1.1029487458505256 0.010363246733042413 g
63947.11355881043 0.7509307085128967 0.9668287025631693 0.011284396528187355 r
63947.136467663535 0.7875115651550004 0.950996053289804 0.011453507757474984 u
63949.11820817349 0.9519548114476493 0.9173008397394504 0.011738447720691426 r
63949.14112094492 0.9885419248603284 0.8803257903481323 0.0123747885739942 u
63951.11795791903 0.14515520511486102 1.0939136788364703 0.01004384559963489 r
63951.142531035206 0.1843935570359463 1.079378515130158 0.008146913980092759 i
63953.112277587956 0.32968485246237833 1.1471441490142895 0.00967841168748335 r
63953.13618088785 0.3678536417282885 1.1491822460833434 0.009695951972697693 i
63958.074985310835 0.2541365443612449 1.1555665819629666 0.009591726160071925 z
63958.100681085496 0.2951675573422108 1.1562162573876973 0.010557236287834981 i
63961.12934019931 0.13133043027482927 1.0408033438016522 0.010664544189487007 z
63963.06664782798 0.22482325173041318 1.1356906709749992 0.01186070337191266 y
63963.0892956722 0.2609873293840792 1.18282681683797 0.009425535749366203 y
63967.03773180782 0.5658501507423352 1.0185557961762182 0.010747144100021684 i
63967.050988000985 0.5870176399912452 1.010786387252975 0.010780435985186246 z
63973.039804502114 0.14995982899563387 0.958935986584204 0.011336116672479796 y
63973.04025209316 0.15067454236850608 1.0996975219603236 0.010317960050724528 y
63973.05250485583 0.17023975380288903 1.0711326310974094 0.00898073738946957 y
63973.05295147067 0.1709529083891539 1.1081268036550587 0.012601187708587019 y
63974.03910734822 0.7456466136500239 0.9999440550769476 0.03763418133031228 z
63974.05228928441 0.7666955293534556 0.9694800045087567 0.011277950815600351 y
63975.06476241711 0.38341262766334694 1.1127654703752483 0.009916402370744084 z
63975.08866233962 0.4215760239167139 1.0916775068638862 0.010130402125172806 y
63976.04876730014 0.9546716248732992 0.9139322120164852 0.011833667374774832 i
63978.105058729576 0.23815777940035332 1.1494042693433906 0.009668399448275857 r
63978.13028202776 0.27843434194801375 1.1321539659803577 0.0159742715045156 i
63982.03696208516 0.516621057598968 1.0269747374994826 0.011093967970158117 i
63982.049594145625 0.5367919317504857 1.0138573613078112 0.012265083061745239 z
63983.06712312166 0.16158220068609808 1.0974879982384456 0.010108463027343932 u
63983.09016906378 0.19838196104683448 1.0521506518257038 0.010488659847001303 r
63986.06593036673 0.9500776096101617 0.9176757936056125 0.01178294486970444 g
63986.08974858363 0.9881105383537943 0.8854182470873546 0.012167180007634554 r
63990.060216260164 0.3281533242407022 1.1286501681538983 0.010490770952440581 y
63990.08266426392 0.36399829664151184 1.117211927263043 0.00988377462080214 y
64032.00760633707 0.3097457990515977 1.134310979959292 0.009732940155249616 i
64032.01069608581 0.31467950984369963 1.1252918538847672 0.00983145811197616 i
64032.01378521426 0.3196122301451396 1.1420980551431055 0.00966330731369361 i
64032.01687374042 0.32454398871050216 1.1572616429716467 0.009645171927205296 i
64036.005180870256 0.6930728136358084 0.9532126837965533 0.01141794347635942 i
64036.0054163254 0.6934487884136615 0.9935149309770136 0.011035187528685503 i
64036.008271069986 0.6980072445730912 0.9732348792069722 0.01122670146931203 i
64036.00850644333 0.6983830887184013 0.9777489577072549 0.011211321102628844 i
64036.01136056381 0.7029405483044684 0.9830425485234224 0.011080815056545349 i
64036.01159585754 0.703316265338799 0.9407571160183309 0.01814416676821894 i
64036.014449358925 0.7078727363405051 0.9840565554950295 0.011006874801263195 i
64036.01468457512 0.7082483295671409 0.9530166528859954 0.011421593658234707 i
64118.426019874954 0.3026685363438446 1.1396966638841362 0.009669795531035356 i
64118.43592658231 0.3184875666484004 1.1325904842132581 0.009757417791444118 z
64173.37607567269 0.04691763417213224 0.8708673757339835 0.012418075046680207 y
64191.2645208286 0.611186859125155 0.9872064506590343 0.010997375487486439 g
64191.28948396511 0.6510479955031769 0.9913958553893901 0.011035892260639262 r
64205.39167403364 0.1694250969303539 1.0202417890192679 0.010790193953678563 z
64205.40311391576 0.18769230070756748 1.138889692731279 0.009741321639051172 y
64206.392846326235 0.7680970137444092 0.9743768909109252 0.01118245402110083 z
64206.40557906892 0.7884286572661949 0.949581712650553 0.01141902726698711 i
64207.39375804896 0.366352852593991 1.101873604927511 0.010012961217985901 i
64207.40535740919 0.3848747110023396 1.1294304807825901 0.009850348099067908 z
64236.32508253734 0.563891795638483 0.9969272492379994 0.010892486800795124 i
64236.32553147527 0.5646086597262183 1.0270803100634511 0.010716422257552849 i
64236.349025612675 0.6021240983391181 1.017241633348428 0.010673983035633149 z
64236.349472528746 0.602837733909837 1.0311852553435834 0.010675582097165338 z
64242.31625719447 0.1305994881404331 1.0076673775068827 0.011133402455790576 g
64249.3204586658 0.3149083975731628 1.1100895325488278 0.009948495037667093 g
64249.34445398977 0.35322413087124005 1.1020151077014746 0.009989296688891296 r
64259.25573343976 0.17955515661742538 1.1108120285990117 0.009956352435067137 y
64259.27852326614 0.21594595139322337 1.09901639884615 0.005102262658818872 y
64281.17814468513 0.18526143323106226 1.0123956322775731 0.01084929550439483 i
64281.20221097953 0.2236904921301175 1.098775312430797 0.01159018886884785 z
64282.18804604369 0.7978719225793611 0.9478414806538528 0.011591565494125836 g
64282.21249374682 0.836910014928435 0.9552469096325906 0.011783464399447087 r
64287.04575633609 0.5546637174848001 1.037120677080386 0.01058934279734489 z
64287.07069065665 0.5944788405467989 0.9981373447072506 0.011578486210035134 y
64288.16415943986 0.340529793582391 1.1655494944770775 0.009571377026742918 z
64288.18849715816 0.37939226216985844 1.1062567150760916 0.009987934329518913 i
64290.17922031836 0.558179004365229 1.0196461773296184 0.010734741941897637 r
64290.20343647991 0.5968473711400293 1.017557523309269 0.010736039622794943 i
64301.2063869788 0.16635872777260374 1.077108552843969 0.007966868246889303 u
64301.229127513834 0.2026708141056588 1.1200419635132004 0.011839383717804347 r
64302.18247922389 0.7249828247295227 0.9654880104754181 0.011282943067030784 g
64302.2064491751 0.7632580428180518 0.9620766037947505 0.011244737685913518 r
64308.151833769254 0.25684816276771016 1.1820859202342244 0.009466818954508766 r
64339.12825702436 0.7200008165091276 0.9720157824816872 0.011169380773274186 z
64341.12389219884 0.9066310631314991 0.9096115713000067 0.011840738346664638 g
64367.03124793616 0.27549670447479 1.1227782713671435 0.009770089184177587 i
64399.99882190531 0.9181188184156781 0.9379881114350802 0.011763821784662072 z
64400.00192585298 0.9230752020521322 0.9354083451162956 0.011637974055451611 z
64400.0050292854 0.9280307629378513 0.9069997271432046 0.01193008286426919 z
64400.008132224066 0.9329855354008032 0.9209908009894029 0.011775257568856091 z
