Time Flux
0.13698139848830174 12.439484613278704
0.25110451196477 12.801031919259826
1.060224817530445 14.938866702091294
1.7181889080134178 15.675844985576047
3.0053159979817927 14.090814543124267
3.5677085141086646 12.708234626152771
4.768121074050876 10.725267772487225
5.697957375589034 11.40131071401065
7.130358221229952 15.159995510691692
7.3056473302436205 15.60386093045906
7.461217373547764 15.959618292577195
7.894460493016842 16.700137761599876
8.504363261702823 16.957863888479643
9.296116534008837 15.858536138171294
9.48665758489021 15.397919699479765
9.53250326262795 15.278927872641404
9.598263929306977 15.103505483389394
9.769805038977069 14.62394293865269
10.056995362140377 13.777260651984884
10.246625872625161 13.21205568134468
10.792154057478028 11.724338590513698
10.978010846615462 11.310665381356221
11.043628064253774 11.180159644670425
11.124064136898511 11.032280422766755
11.163243148884064 10.965283404473393
11.393386596402788 10.642687120074177
11.572982139000981 10.480355405033727
11.576187723069047 10.478197890433862
12.14152795130309 10.509020215819486
12.65871453646044 11.195042056932428
13.556565678963356 13.238892851922241
13.579689517262304 13.294595822616733
13.899325612391811 14.025673025885117
13.989811052747639 14.213256394041208
14.891424886292336 15.24007787230336
15.710866810510787 14.43759265157237
16.590200285331225 12.05171097280561
17.075971859235384 10.511378679197176
17.581367443636093 9.113890837607773
17.870098985979148 8.514302522354946
18.242114182603697 8.029360980538321
18.888411955535513 8.049102005662489
19.80464644165441 9.68138424337003
20.331738432371395 11.016650784753631
21.02378242706805 12.51049532935888
21.58791698657401 13.085646011456697
22.70435937077387 11.950533000043848
22.794900913015933 11.74410015661251
23.9685487447123 8.611049610982613
24.53279968567376 7.5026831561062295
25.15368516789759 7.124519500238724
25.648292686753553 7.555567025398616
26.278466221394186 8.917256757924882
26.726892481807514 10.226818890568346
26.775642065421067 10.376082229620579
26.841902680194472 10.579376195206365
27.043182436448923 11.192814701072244
27.65519005929816 12.846693313950807
27.817023962098883 13.1872076721905
28.017036837810362 13.531564484848783
28.091663970879193 13.63646432535345
28.09317122516551 13.63844531691764
30.83804687087241 10.05016876777787
32.35986068928191 9.83245609612161
33.270993463225885 12.170819830073413
34.898046388593684 16.254926227408994
35.24307352858847 16.44825733778802
35.36489860212797 16.440163424462913
35.47192947768821 16.400517042592394
35.516338949474154 16.375288395183418
35.53299430568 16.36451813032972
35.71821494881109 16.197962017985457
35.72115214153127 16.19464814689698
36.039122802923856 15.722570441686607
36.10243475316924 15.604133181300323
36.96164879406244 13.520314117344578
37.14972468739313 13.0305803877596
37.31857126519086 12.610186172567321
37.94819646125422 11.38359519367967
37.97243059847334 11.351183768547326
38.528785243116936 10.991020561463625
39.32746997519021 11.80580225751748
39.58689814531141 12.35464302992006
41.54284617139729 16.59907948272777
41.54705948658793 16.601857891855044
41.97311437355684 16.639405006245386
42.92085761957845 15.077350675861055
43.40584561414468 13.667391090205328
43.814159753851094 12.395831067487702
44.021506690555505 11.777885036387877
44.27828481202907 11.079254442411303
44.370891821661516 10.851786369396748
45.55816834991988 9.64021529255244
46.334442421176526 10.669670307479024
46.618126195557615 11.289425342579396
46.62148606645507 11.297201079971272
46.913301541622054 11.991790833396108
47.37499649577146 13.061509184008587
47.627000132443705 13.558959390249843
47.94582515917362 14.035349300189296
48.56819286636147 14.302721971040631
50.136103113042175 11.074973126948661
50.44409295215986 10.1174697369948
51.22094775430317 8.075955413595365
51.232615217310574 8.053013275421653
51.446364111513404 7.687138159134928
51.64638709110006 7.445310636829861
52.66024617798273 7.835983855750415
52.778197315268315 8.043235301832077
54.662044646918275 12.518022256863066
55.07968422936028 12.95914089812713
55.162655688834434 12.996191214265153
55.639245922144895 12.87031561905107
55.977667429483716 12.44838063129791
56.496878190991104 11.380937091295046
56.74434135367183 10.758615471569344
57.05241195476487 9.951317018114825
57.945870266273964 8.0252292053209
58.242948334855825 7.705005138296915
59.22955696484184 8.277419764032016
59.798698097256185 9.640578584548855
60.41300448283264 11.538216416263175
61.09411688241937 13.513358033467883
61.21880798369202 13.805477247475276
61.44721718398168 14.258578701112636
62.607817244734846 14.570728389911062
62.87675590974858 14.18144726059259
62.90791539300269 14.127487954163344
63.274682493677325 13.38471447162648
63.27736768057746 13.378684623601487
63.428575926780326 13.029801585134877
63.44884934098131 12.98186935581793
64.03987465438945 11.575963692775156
64.09200549933374 11.460156618570101
64.24713534476072 11.133403267948193
65.82998888103342 10.60439035586587
66.06711454872836 11.044015799964518
66.14815408304176 11.220646824686984
66.30836812972812 11.604369775841416
66.33921762225368 11.683028262536814
66.52793273233733 12.192475796088127
66.64328889305796 12.523579675748577
66.83416026212396 13.09318539514673
67.02612461880315 13.678675257489495
67.23768092260742 14.317701974224244
67.34899463017081 14.643726567471607
68.23268116903407 16.59066723614074
68.23701570563972 16.596232094811956
68.26811253404642 16.634776879834256
68.75681953408862 16.90729819115832
69.2140911034595 16.585428122831686
70.2454033208445 14.29371353478472
70.27529983888047 14.209757139105038
70.30565435186784 14.124271906524942
70.42729817604972 13.780627385896322
71.64031229609921 11.109564807259193
71.8515609410813 10.929989200190473
72.44448256296667 11.028298700834302
74.09941144471946 14.51198043558849
74.15823922313724 14.647410693042406
74.52596251586631 15.386092506817576
75.09110302575097 16.000046488709415
75.19206641491084 16.027593479869633
75.78712627061137 15.64078312209058
76.05583671882516 15.172200203183387
76.85145392998908 13.013845126082224
77.01764054252232 12.484112458197066
77.78001361791718 10.191488156716785
77.80955277510488 10.115958182456698
79.0465069614944 8.716942074692192
79.34682852292138 8.95995999693835
79.71979215665935 9.534579008407219
79.92455553979283 9.950391732695142
80.40640586560569 11.086291822630471
80.5212660087155 11.36801840612483
82.19214963059719 13.486990927245994
82.37676724104901 13.337396275102417
82.78317388313624 12.720274465497758
82.8273354152437 12.631603465164169
82.92791739859241 12.415743390110032
83.87548121708002 9.79612731103947
84.4136100847377 8.32866554185416
84.55456127395833 8.007785261683482
84.72972164766394 7.661705376384035
85.10316979726322 7.155259178809654
85.70426600379453 7.10266654655859
86.60306146373827 8.678085684521921
87.39310611321932 10.91631988091804
87.53223495897834 11.30347132680137
88.0449562836164 12.524900606501506
88.70919851800195 13.327823380975637
88.79392374043658 13.352170868438547
89.079661325172 13.298981300562914
89.31375852184722 13.10534413362426
89.32943356990505 13.087827635714653
89.46564343245068 12.913102363911603
90.05399421516546 11.778787358975839
90.2750709284845 11.248609223660365
90.30545295835013 11.17371141744515
90.67641257701439 10.257126443191924
90.74626546345127 10.090017844526017
90.78071187645192 10.008940534753224
90.89768347862919 9.741703300677864
91.07665195988369 9.363591530257384
91.08678777043617 9.343503741254636
91.4649732563991 8.722893222699312
92.07085282953209 8.397663078113967
92.56917742698849 8.844315590195695
92.73692757308024 9.134692339494734
92.99357011357482 9.697736641494753
93.06198922214001 9.869267823786279
93.28284992112698 10.473783262268936
94.8955958143749 15.083855384832937
94.98687473745265 15.242491428527453
97.07312803246502 13.503649459001117
97.24166287881438 13.081195056742805
97.25113453575645 13.057488432160376
97.26282717606918 13.028247312104773
97.30528508626202 12.922354398310194
97.70319959673049 11.983410192401442
98.79538657231994 10.73227776915796
99.56393207838714 11.556760724663542
100.44914509659625 13.820425339101956
100.66669756546415 14.445305069442949
101.63029099035032 16.614878303161905
104.16107257584396 12.835906816644652
104.38204398661375 12.214567215363306
105.47593947536531 10.366403452319766
105.71499409181479 10.338718099539225
105.79502736583557 10.362115736289189
106.68252839269087 11.571710915538652
107.67209600172372 13.890940310487313
107.77420098640712 14.104901338639547
108.01733018271872 14.552669635601298
108.09609810589085 14.67559517069939
108.32758918224218 14.962878705849153
108.41786411258492 15.042243135253917
109.43839303344144 14.494949320910944
109.73582121929451 13.859029421150527
109.92315666714958 13.373475278703435
110.11727999865244 12.816908017998154
111.49312712605793 8.788172945832954
111.85704868020048 8.157002598526748
112.06175754170971 7.94521314329741
112.34723947996878 7.835261477898693
112.45168638383818 7.8494713569080545
113.01173120640546 8.391272189121235
113.05238947838362 8.458072657070778
113.18551811598837 8.69860588569491
113.46094868155106 9.286206730281595
113.46911271921005 9.305142528544497
113.64687896506474 9.73346438603637
114.52267032270177 11.897705549107629
114.9744007832242 12.700703416939707
116.85662820722108 11.082601650814528
116.93428707068603 10.87547143628878
117.19924706655725 10.144342517402395
117.69554639933577 8.802258097064204
117.9342926359402 8.239569452432981
117.98251210796514 8.136495460602514
118.74847390629519 7.163722710836877
118.96168300573193 7.155821740552921
119.37578762439676 7.4886767388175794
119.99535237482515 8.741577379938205
120.1003377718264 9.022470684422016
120.54749705892102 10.341389361920692
120.69218837965425 10.78689392577401
120.77562371352641 11.042674507003886
120.87940320417384 11.357032556419963
121.14556740592062 12.126214299530265
121.44746187704467 12.891019409215062
121.80052263393237 13.57192793693956
122.9131772281459 13.736789660699849
122.9168231589252 13.732360291984426
122.93666314810146 13.707759175002195
123.53126280625453 12.64255171553568
123.63800175953108 12.401538638936977
123.66349310558397 12.34262270157418
123.67711481425667 12.310955862812254
123.81727270478216 11.97921440495712
124.52251310851466 10.353880605303384
125.46073755235066 9.30086328390201
125.94998972959672 9.597303727273536
126.34578779170852 10.272242472695899
126.35674306772745 10.295847374634997
126.44539670797407 10.495582185154593
126.53851340791205 10.721156843071855
127.25348372952863 12.817640340286992
127.25490464044094 12.822138007411093
127.31884855729564 13.024586624335281
127.4413952286175 13.411035979266632
128.10447719668468 15.289476524081465
128.11261760235166 15.308681726676102
128.28258683465094 15.679934543532795
128.82068801309623 16.416806878072613
128.96709498488735 16.488117830445436
129.1696919824794 16.491596369480188
129.38601751613925 16.375386660091817
129.50793692490774 16.257682895524
129.60845299376842 16.1339493374639
129.6936215105716 16.011247447539244
131.89771070516534 11.217674719795234
132.44897558616123 11.019327836783752
132.54168080071096 11.061585117584855
133.59166528448915 12.839325586139175
133.78526244490922 13.343235168175802
134.00999622373024 13.948034812589032
134.42508426959463 15.0309200681384
134.5742048036929 15.38250879320702
135.20895060946538 16.448250701121115
135.62736783613718 16.63668857565769
136.57731672586397 15.380562088621957
136.99382389208134 14.250341387851911
137.16161481611766 13.741052107635456
138.1630240574668 10.798741476163917
138.71699663673562 9.789233676837181
138.9151612729041 9.605074502613185
139.2088525933918 9.519648635497992
139.3919595904739 9.579116475186467
139.44085189321248 9.609168163196793
140.43430758795444 11.246402311768488
140.8737465750519 12.296132018727313
142.28517508912293 14.248182160126099
142.3263815543128 14.24031274803462
142.45856260004257 14.185215420627365
142.89786979077337 13.682349100925354
143.28876602605018 12.86532988753623
143.58967979036706 12.057041510631489
144.16603347918104 10.298649268144349
144.70223966353245 8.7533016414126
145.80204746828366 7.236532472919643
145.87960691547275 7.24589302861715
146.2023410451062 7.455265031127189
148.30470568084434 12.251160444466755
148.70864545809306 12.835164575835579
148.81297212091016 12.925101119984028
148.90225081793497 12.98068584714381
149.23563827767063 13.009363851988041
149.3070361833046 12.97875107454726
149.3327291529548 12.96461124628286
149.3734720802545 12.938833161389828
150.02404816346797 12.021644332733882
150.53325022136943 10.822360477478384
153.2324494995293 8.761886291460227
153.88005244166752 10.557439934648542
155.64625766783632 14.835806099074116
156.20853267890948 14.839422987321132
156.27925301800994 14.783191917985103
156.48416450058073 14.555361429055768
157.11133891635052 13.380726024180799
157.1635019941894 13.260707017578094
158.08444225035004 11.133648615104509
159.53796394606752 10.52961270317436
159.63019868701792 10.66576078561195
159.68085944560838 10.748896428958657
159.92495218948233 11.226616353515235
159.9301626196076 11.23811222461418
159.97914271380336 11.34861771543476
160.2431537136786 12.012115089366713
160.91379613429615 13.991112555103047
161.5402316988711 15.71571905991413
161.77389205047442 16.210395526931162
161.9251999047513 16.46913396830015
161.9364320498692 16.48623245095295
162.75674076471557 16.851916551864583
164.02793097793125 14.3405687310306
164.1476382263363 14.001745295291363
164.29123716621365 13.594030216798707
165.1578209008836 11.493986051512584
165.42193349324546 11.106033390615607
165.5768125550675 10.95421468604581
166.02548758831597 10.855344762384025
166.62331345198 11.487516614129108
166.64850213204275 11.530875406934749
167.02987870320712 12.311435624788682
167.33521756831732 13.052445518176073
167.4570113195049 13.360786151221102
167.52531900134758 13.534302474663447
167.8258462817675 14.280447003242086
168.00739696427328 14.698246287492395
168.55914198886472 15.66305110500161
169.3165841861241 15.861210768330478
169.4209832212512 15.770275305465278
169.764320929376 15.276023594322908
170.1954126946463 14.286301911831526
170.19925960397873 14.275955846383912
170.46281718933898 13.519537563805581
170.63433950644978 12.989094892147767
171.0140653543806 11.775691600395339
171.863522347861 9.452845021930237
172.11285879522814 9.015103242453325
172.1193691206204 9.005642876519644
172.51128536166445 8.635268048639585
172.73105262036736 8.604211739829672
173.0537138130712 8.78408404625687
174.30580458311053 11.260503236318783
176.34552282727682 13.079249600500003
176.89255137131008 11.984279306169958
177.9855059891794 8.889136979849576
178.0320051814614 8.765069115123703
178.3371896282999 8.026723665523797
178.6690366085318 7.420226495699065
179.09495558026376 7.026054201085541
179.76363360885654 7.380017678198105
180.00390808326844 7.780152527259419
180.92081626353328 10.151629402014766
181.00985138012774 10.412693179819394
181.0480707085926 10.52438677482373
181.21035386694777 10.992314669624818
181.55099706670586 11.904552428589504
183.222354396403 13.027795653632367
183.23457263264794 13.011453948862403
184.55794324046576 10.131000959745773
186.54691694376945 9.23364668958418
187.60825221364507 12.187462135954398
187.75371300067798 12.65351104516511
188.87617608173787 15.454969115549352
188.96181771168253 15.56634857284001
191.18848989525887 12.77380979799299
191.50493169847383 12.033006360549257
191.8851940627856 11.312762928697554
192.29447752036873 10.853373739446052
193.09644686656094 11.143294135759163
193.24487418011321 11.369134873126825
193.46830151091257 11.795856823129053
194.4084700998837 14.290466214407765
194.7786897448652 15.299965100837088
195.57358649302313 16.77660843477708
195.99148461504873 16.959905987977038
197.48166470520383 14.22701191237941
197.90634841496114 12.95282565009942
197.91444387215648 12.928922413162423
198.39779971273634 11.61418582448842
198.40678745044497 11.592645265078556
198.61820899614037 11.127369123587364
199.28699292051826 10.301722221200935
200.38384136668623 11.29658985229865
201.46557132233252 13.799623031594733
201.50817604513074 13.890636984582297
201.6423815570699 14.161950267828864
201.64953389644268 14.175688622650277
202.1523721071846 14.90694185978336
202.234569878558 14.974971432234343
202.38665975461285 15.057278717853494
202.40745670856953 15.064008125884516
202.55088283555392 15.079995407623798
202.555454211942 15.079622673319024
202.82382113273823 14.96123636973221
203.2412163130272 14.409442267529506
203.78412310685474 13.124557918729359
205.62853943885833 8.126341958983199
206.46305746958976 7.904453346289149
206.88647152211882 8.460588221340155
207.04569308160623 8.763390452812239
207.26814595357092 9.251554811241089
207.31404552456445 9.359872205223166
207.38010456133932 9.519396690927639
207.77354534450768 10.522084586793406
208.39618040372412 12.01616571093738
208.9381691236141 12.86273483880429
209.40281177321944 13.056825338476681
209.5578456171234 12.999890105805058
209.76477735409833 12.830029369393621
210.574713826186 11.293343665667226
211.08853791348375 9.901273888686074
211.1347607316904 9.773374460014756
211.3579549654799 9.168856815193557
211.3640984740397 9.152680662712898
211.8462542382316 8.024957097473152
212.0713372395017 7.63337434095886
212.08317536735763 7.6157624880308115
213.40360853199164 7.897660565208207
213.49740069752644 8.084117341323443
213.95592420673938 9.22607644019601
214.17327448315547 9.862795432461294
214.28079834429187 10.190095789013643
214.80137703326233 11.7769137895323
214.93961852155746 12.17053871721898
215.04925703333026 12.466351600635846
215.09770428194815 12.591644732779411
215.34854758372907 13.177218175782414
215.7257333484769 13.8147194855266
216.87398927920614 13.5915319243047
217.94122466251997 11.280376385240892
218.08310129107994 10.950480674534768
218.46010226608422 10.17084406324865
218.70971720876733 9.774660112389698
219.22279553196663 9.383656660888247
220.15780545113324 10.374250169153159
221.3608211958158 13.849598404773802
221.57564895130523 14.487867886421668
221.9016000339451 15.345035739525294
224.3142663318655 14.238347771862623
224.33289746129134 14.18906878125223
224.3490058008627 14.146359933600621
224.64436462108466 13.358859445322938
224.8503853107092 12.826434584044494
225.54827465976678 11.410979570968102
225.8025224244789 11.129736823372184
226.54636044521718 11.226316885428368
